SPAIN
820671
796113
1297542
1188844
1671536
2302318
4204587
5270484
2496770
1538107
1101932
1163845
983136
980217
1236050
1898694
1937907
2586122
4689122
5223043
2853964
1753837
1254621
1360902
1113857
1117236
1689481
1925956
2163178
2943452
6237912
6774008
3367080
1902552
1414334
1797537
1202174
1126462
1477043
2388930
2126606
3148788
6637510
7236634
3655213
2177020
1538605
1753958
1241184
1144593
1524258
2225725
1981724
2814555
5521607
6464274
3205520
1589380
1180996
1451959
1204519
1013728
1547030
1493496
2118609
2939469
5950696
6697118
3265465
1396028
1043701
1452619
1201802
1054301
1334284
1969020
2002472
2775668
5561911
6159885
3060935
1959262
1338885
1595662
1329367
1239682
1548567
2157524
2234009
2995528
6423660
7037003
3421103
2266724
2134599
2002474
1606495
1482481
2223206
2124732
2789463
3363263
7017592
7968573
4242651
2747310
2050642
2354083
2041841
1708735
2137271
2868814
2897433
3867278
5878686
6746902
4029229
2514236
1837401
2374483
1926865
1601051
1995573
2469649
2589818
3138548
6365971
7918659
3930044
2249793
1671046
2132434
1808070
1463234
1748698
2571631
2719622
3343539
7100990
7877330
4562962
2770367
1870463
2323017
1956456
1656160
2000723
2769373
2997200
3791947
6953878
8029299
4665631
2875148
1910816
2357866
1861374
1660730
2199483
2671888
2943001
3797188
6645627
7674030
4590932
2972699
1939699
2306683
1893032
1727653
2057087
3124812
3197066
3966746
7365809
8277600
4765686
3129638
2028559
2413525
1809238
3489028
2149235
2919590
3079927
4019152
6837385
8002015
4696554
3385040
2073529
2875588
1984935
1760252
2626673
2645591
3501433
4248450
7403956
9102854
5253947
3279344
2398096
3183039
2178426
2047278
2372760
3337538
3864519
4672446
7911943
9376459
5368966
3602793
2411988
3394269
2412604
2362577
2920339
3505098
4000187
4515161
8735355
9684267
5818146
4243678
2624818
3356166
2597707
2335168
3194855
