DEUGBP
3.9529
3.9579
3.959
3.9615
3.9705
3.962
3.9701
3.9765
3.9783
3.9656
3.9856
3.9763
3.9724
3.9691
3.9697
3.9683
3.9659
3.9683
3.9638
3.9666
3.9593
3.9501
3.9337
3.9293
3.9231
3.9172
3.9061
3.8975
3.8964
3.8899
3.8955
3.8781
3.8722
3.8867
3.8967
3.9322
3.8797
3.9029
3.864
3.8825
3.8965
3.8898
3.8796
3.8385
3.8336
3.8065
3.775
3.7819
3.7729
3.7912
3.7905
3.7722
3.7795
3.7912
3.8122
3.7998
3.8043
3.7889
3.7753
3.7697
3.7559
3.7708
3.7457
3.7457
3.7329
3.7438
3.7539
3.7562
3.7526
3.7546
3.7675
3.7667
3.7597
3.7569
3.7628
3.7587
3.7647
3.7691
3.7957
3.7945
3.7983
3.7935
3.8044
3.8256
3.8317
3.8332
3.8714
3.8485
3.8617
3.8419
3.8382
3.8276
3.8294
3.8498
3.8595
3.8602
3.8261
3.8091
3.8104
3.7847
3.793
3.791
3.7726
3.758
3.7506
3.7581
3.7686
3.7711
3.7746
3.775
3.7722
3.7816
3.7912
3.8073
3.7995
3.8066
3.8047
3.7886
3.7779
3.77
3.7757
3.778
3.7735
3.7696
3.7645
3.7442
3.7343
3.704
3.726
3.7393
3.7485
3.7411
3.7757
3.764
3.7758
3.7888
3.7966
3.8088
3.8073
3.8016
3.7765
3.7975
3.7922
3.804
3.809
3.8154
3.8169
3.8222
3.8195
3.8186
3.8049
3.8216
3.8225
3.8129
3.7984
3.7942
3.7981
3.797
3.7989
3.7649
3.7704
3.7942
3.7843
3.7947
3.7935
3.8007
3.7924
3.791
3.7946
3.8043
3.8149
3.8426
3.8374
3.8564
3.8507
3.8431
3.7953
3.8344
3.8341
3.8536
3.7842
3.7954
3.7982
3.7798
3.7851
3.7454
3.7853
3.7809
3.7806
3.7817
3.7808
3.7958
3.8041
3.8166
3.8158
3.814
3.7874
3.7532
3.715
3.6838
3.6916
3.6966
3.6918
3.7141
3.7139
3.7118
3.7013
3.6975
3.6973
3.7011
3.7101
3.7266
3.7222
3.7439
3.7364
3.7446
3.7508
3.7505
3.7533
3.7418
3.7415
3.7454
3.6983
3.6972
3.6883
3.6955
3.6894
3.7075
3.7231
3.7228
3.7243
3.7264
3.7125
3.7102
3.7304
3.72
3.7074
3.7047
3.7087
3.6985
3.6643
3.6523
3.6301
3.6621
3.6792
3.6667
3.6498
3.64
3.6468
3.6549
3.642
3.6354
3.6235
3.6036
3.5555
3.5778
3.572
3.5775
3.5724
3.566
3.5762
3.5744
3.5586
3.5385
3.5471
3.524
3.5447
3.5687
3.5806
3.587
3.5821
3.5878
3.5936
3.6064
3.6311
3.6058
3.5977
3.5902
3.5949
3.6127
3.6223
3.6238
3.6404
3.6474
3.6549
3.6609
3.6273
3.6225
3.6306
3.6114
3.6192
3.6356
3.6339
3.6305
3.6446
3.6367
3.64
3.6506
3.6603
3.6662
3.7005
3.7562
3.7575
3.7665
3.7861
3.796
3.8051
3.8376
3.8435
3.8543
3.8165
3.8162
3.8182
3.8157
3.8099
3.8102
3.8347
3.8504
3.8715
3.8688
3.884
3.865
3.8592
3.8492
3.8681
3.8659
3.7929
3.7849
3.8362
3.8548
3.8531
3.8739
3.8577
3.8682
3.8617
3.8632
3.8616
3.8823
3.895
3.8986
3.9124
3.9085
3.9094
3.899
3.9088
3.9082
3.9126
3.9375
3.944
3.9481
3.9219
3.8927
3.9086
3.9148
3.9101
3.9058
3.9242
3.9446
3.926
3.9531
3.9516
3.941
3.9603
3.9505
3.9506
3.9713
3.9739
3.9928
3.9826
3.9784
4.0052
4.0099
4.0109
4.0238
4.0922
4.0376
4.0211
4.0177
4.0173
4.0415
4.028
4.038
4.0327
4.0429
4.0487
4.0494
4.0612
4.0438
4.0485
3.9938
3.9242
3.8684
3.8813
3.8528
3.825
3.8585
3.8503
3.8679
3.8873
3.873
3.8707
3.8793
3.8745
3.8769
3.8738
3.8697
3.8759
3.8867
3.8945
3.905
3.9043
3.9276
3.9185
3.9208
3.9161
3.8982
3.8595
3.8669
3.886
3.8681
3.9111
3.8863
3.8772
3.8867
3.899
3.9149
3.909
3.8962
3.8828
3.8386
3.766
3.75
3.7729
3.757
3.756
3.7454
3.7499
3.7514
3.7563
3.7599
3.7647
3.7632
3.7694
3.795
3.7823
3.7642
3.7804
3.7975
3.7921
3.7996
3.7751
3.7734
3.7837
3.786
3.7863
3.7601
3.7518
3.7562
3.7497
3.729
3.7249
3.7411
3.7197
3.7202
3.736
3.7362
3.7426
3.7359
3.7562
3.7476
3.7688
3.7559
3.7544
3.7408
3.7342
3.7625
3.7583
3.7547
3.7409
3.7356
3.7071
3.6702
3.6526
3.6297
3.6402
3.6343
3.6201
3.59
3.5894
3.592
3.5944
3.5745
3.5501
3.5643
3.5586
3.5645
3.5556
3.5298
3.5389
3.5674
3.5803
3.568
3.5665
3.5604
3.5466
3.5508
3.5381
3.484
3.4735
3.4143
3.3919
3.3269
3.401
3.3417
3.3652
3.3832
3.3276
3.3137
3.3493
3.3765
3.3666
3.3558
3.3556
3.3373
3.3535
3.3344
3.3712
3.3501
3.3706
3.352
3.3507
3.37
3.3458
3.2978
3.2661
3.1999
3.2037
3.266
3.2725
3.2564
3.2967
3.3157
3.362
3.3286
3.3212
3.285
3.3018
3.3478
3.3718
3.3828
3.4302
3.3999
3.4452
3.4509
3.429
3.4882
3.4938
3.4668
3.5006
3.462
3.4063
3.4178
3.4117
3.428
3.4545
3.4013
3.3896
3.3845
3.3421
3.3362
3.3358
3.3767
3.3855
3.3638
3.3711
3.3873
3.3696
3.4095
3.3965
3.3675
3.3694
3.3708
3.3787
3.3813
3.38
3.397
3.4131
3.4167
3.4077
3.4297
3.4286
3.4356
3.4392
3.4116
3.3865
3.3641
3.3717
3.3543
3.3645
3.3896
3.3839
3.3727
3.3572
3.3662
3.3666
3.3763
3.3846
3.3764
3.3708
3.3681
3.3774
3.373
3.3725
3.377
3.3644
3.3655
3.3508
3.3454
3.3402
3.3192
3.3131
3.2574
3.2373
3.2575
3.2564
3.2268
3.1935
3.1824
3.1789
3.1897
3.2074
3.1564
3.1472
3.175
3.129
3.1138
3.0715
3.1291
3.0951
3.0571
3.0691
3.0443
3.0843
3.0844
3.0772
3.0988
3.0894
3.0986
3.0905
3.0827
3.0664
3.0392
3.0572
3.0432
3.0411
3.0283
3.0333
3.0537
3.0518
3.0559
3.0831
3.0792
3.0529
3.0697
3.067
3.0497
3.0392
3.009
2.9704
2.9546
2.9688
2.9624
2.9655
2.9708
2.9393
2.9239
2.9374
2.9391
2.9107
2.9006
2.8791
2.8982
2.861
2.8691
2.869
2.8456
2.839
2.8492
2.8464
2.8285
2.8364
2.8665
2.8513
2.8489
2.87
2.8732
2.8865
2.8741
2.8512
2.9015
2.9399
2.9153
2.9355
2.9584
2.9495
2.9552
2.9353
2.8978
2.8805
2.8787
2.88
2.88
2.8423
2.8567
2.8702
2.852
2.8495
2.847
2.8472
2.8209
2.8305
2.8434
2.8371
2.857
2.8627
2.8678
2.8852
2.8717
2.8913
2.8948
2.9076
2.8895
2.8811
2.882
2.8674
2.8482
2.8484
2.8679
2.8689
2.8686
2.8515
2.843
2.8406
2.8425
2.8404
2.8344
2.8094
2.7859
2.7668
2.7874
2.7864
2.796
2.8183
2.7999
2.7774
2.7899
2.7861
2.7503
2.7525
2.7731
2.7664
2.7504
2.7662
2.7887
2.8098
2.8144
2.7782
2.7756
2.7661
2.7842
2.7774
2.7781
2.8033
2.8198
2.8071
2.8166
2.8426
2.8164
2.8126
2.8282
2.8503
2.871
2.8714
2.9038
2.9159
2.9559
2.9533
2.9723
2.9536
2.9333
2.9161
2.9283
2.9586
2.9426
2.9329
2.9488
2.944
2.9487
2.9425
2.9344
2.9173
2.9045
2.9223
2.9165
2.9309
2.9641
2.9584
2.9707
2.9685
2.9498
2.9476
2.9449
2.9538
2.9639
2.9665
2.9729
2.9754
2.9679
2.9742
2.9836
2.9838
2.9824
2.983
2.9954
2.991
3.0045
3.0047
2.9846
3.0015
3.004
2.9989
2.9975
3.0012
2.9957
2.9964
2.9916
2.9723
2.953
2.9692
2.9846
2.9828
2.9704
2.9626
2.9655
2.9733
2.988
2.9902
2.9964
2.9943
2.9932
2.9785
2.9564
2.9412
2.9589
2.959
2.955
2.9329
2.9536
2.9643
2.969
2.9703
2.9753
2.986
2.9897
2.9796
2.981
2.9857
2.9838
2.9909
2.9967
3.0035
2.9942
2.9871
2.9756
2.9816
2.9822
2.9707
2.9773
2.9764
2.9767
2.9637
2.9717
2.9648
2.9743
2.9704
2.9672
2.9715
2.9786
2.9879
2.995
2.9923
2.9897
2.9816
2.9772
2.9749
2.9706
2.9761
2.9647
2.9543
2.9603
2.9669
2.9727
2.9835
2.9805
2.9788
2.9816
2.9794
2.9821
2.9763
2.9829
2.9843
2.988
2.9887
2.9961
3.0009
3.001
2.9981
2.9987
2.9813
2.9898
3.0018
3.0012
3.0034
2.9994
2.9961
3.001
3.0015
2.9995
3.0004
2.9988
3.0033
3.0036
3.0061
3.0042
3.0024
2.9928
2.9995
2.9946
3.0061
3.001
3.0037
3.0017
3.0029
2.9938
2.9878
2.9838
2.9861
2.9959
2.995
2.9924
2.9868
2.9763
2.983
2.9834
2.9946
2.9951
2.9898
2.9989
2.9964
2.9939
2.9999
3.0006
2.9984
3.0007
3.0028
3.0022
3.0043
3.0062
3.0055
3.0039
3.0026
3.0044
3.0048
3.0038
3.0026
2.9953
2.9885
2.9935
2.9846
2.994
2.9904
2.9919
2.9741
2.9713
2.9672
2.9755
2.9896
2.9868
2.9847
2.9922
2.9899
2.9875
2.9913
2.9884
2.9848
2.9914
2.9888
2.9883
2.9897
2.9888
2.9821
2.9731
2.9802
2.9748
2.9747
2.9728
2.9805
2.9895
2.9888
2.989
2.9845
2.9818
2.9813
2.982
2.9851
2.9866
2.9911
2.9931
2.9887
2.9922
2.9963
2.9964
2.9984
2.9987
2.9996
2.996
3.0022
3.0023
3.0058
3.0077
3.0399
3.0732
3.0841
3.0863
3.082
3.089
3.091
3.095
3.1011
3.0971
3.1006
3.1014
3.1147
3.114
3.0831
3.0929
3.1123
3.1158
3.127
3.1379
3.1437
3.1425
3.1482
3.1376
3.1295
3.1299
3.125
3.1379
3.1566
3.1548
3.1584
3.1619
3.164
3.1583
3.1504
3.1505
3.1445
3.1518
3.1465
3.1411
3.1364
3.1414
3.1674
3.17
3.1705
3.1836
3.1952
3.186
3.1756
3.1772
3.1825
3.1879
3.1833
3.1881
3.1971
3.1934
3.1544
3.1108
3.1094
3.1099
3.1323
3.1313
3.1326
3.1501
3.1395
3.1328
3.139
3.1426
3.1472
3.1413
3.1495
3.1428
3.1187
3.1228
3.1246
3.1206
3.1046
3.0911
3.1045
3.133
3.1294
3.1264
3.1343
3.1221
3.127
3.1308
3.1293
3.1459
3.1537
3.1708
3.1898
3.1738
3.1954
3.1984
3.1971
3.2238
3.219
3.2184
3.2155
3.2098
3.221
3.2225
3.2185
3.2434
3.249
3.2379
3.229
3.225
3.2349
3.2398
3.2124
3.2319
3.2357
3.219
3.1962
3.1659
3.1543
3.1609
3.1604
3.1628
3.1334
3.1314
3.1534
3.1495
3.1452
3.1433
3.1385
3.1442
3.1441
3.1558
3.1536
3.1447
3.1515
3.1493
3.1459
3.1395
3.1459
3.1559
3.1746
3.1765
3.1764
3.1697
3.1614
3.1653
3.1631
3.1741
3.1812
3.1869
3.1921
3.19
3.1897
3.1845
3.1708
3.1727
3.19
3.1549
3.1408
3.151
3.1468
3.1459
3.1531
3.1557
3.1677
3.1669
3.1653
3.1744
3.1776
3.1794
3.1683
3.1652
3.1627
3.1629
3.1645
3.158
3.163
3.1608
3.1647
3.1589
3.1605
3.1522
3.1954
3.2014
3.2135
3.2182
3.2166
3.2276
3.2334
3.242
3.2424
3.2161
3.2086
3.1999
3.1867
3.187
3.2066
3.2166
3.2181
3.2074
3.2043
3.2081
3.2088
3.2059
3.2296
3.2243
3.2366
3.2355
3.2359
3.2377
3.2396
3.2527
3.2687
3.2646
3.2757
3.2803
3.2875
3.2865
3.2689
3.2761
3.257
3.2698
3.2807
3.2828
3.287
3.2924
3.2797
3.2825
3.2898
3.2745
3.2621
3.2686
3.2718
3.271
3.2835
3.2837
3.2698
3.2734
3.2694
3.2608
3.2627
3.2203
3.2091
3.2182
3.1872
3.1912
3.1911
3.172
3.1836
3.1965
3.2043
3.1982
3.2025
3.208
3.2128
3.2052
3.2215
3.2239
3.2187
3.2216
3.2224
3.2315
3.226
3.2122
3.1991
3.1944
3.2044
3.1817
3.1926
3.1921
3.1891
3.1901
3.1897
3.2065
3.1957
3.1856
3.1918
3.1816
3.1917
3.1925
3.1893
3.1858
3.181
3.1832
3.1814
3.1802
3.1823
3.1846
3.1912
3.1879
3.1881
3.1911
3.1898
3.1945
3.1953
3.1931
3.1886
3.2036
3.1933
3.182
3.1767
3.1651
3.1589
3.1561
3.1321
3.1326
3.1294
3.1148
3.12
3.1091
3.114
3.1162
3.1161
3.0795
3.0834
3.0786
3.073
3.0659
3.0779
3.06
3.0582
3.0458
3.0393
3.0506
3.0802
3.0567
3.0344
3.0405
3.0611
3.061
3.0705
3.0693
3.0494
3.06
3.062
3.0551
3.0714
3.0803
3.0918
3.0863
3.0953
3.0993
3.0972
3.0863
3.1004
3.111
3.1182
3.1132
3.1049
3.0818
3.0696
3.0745
3.0764
3.0879
3.0813
3.0876
3.084
3.0849
3.0724
3.0713
3.0761
3.0765
3.0879
3.0952
3.0711
3.0798
3.0826
3.0817
3.0827
3.0856
3.0929
3.0831
3.075
3.0718
3.0775
3.0767
3.0822
3.0822
3.0819
3.0801
3.0802
3.0757
3.0727
3.0749
3.079
3.0797
3.0752
3.0701
3.0448
3.0429
3.044
3.0375
3.0402
3.0231
3.0184
3.0562
2.9914
2.9644
2.9828
2.979
2.9715
2.9334
2.9486
2.9409
2.9623
2.9531
2.9584
2.9491
2.9686
2.9679
2.9221
2.8935
2.9054
2.912
2.902
2.8983
2.9219
2.9271
2.931
2.9355
2.9429
2.9395
2.9447
2.9246
2.912
2.9045
2.8796
2.8644
2.8465
2.8195
2.7955
2.8167
2.7915
2.8126
2.7982
2.7919
2.8007
2.805
2.791
2.8008
2.8076
2.8151
2.7795
2.7856
2.7868
2.7672
2.7847
2.7983
2.7935
2.7787
2.7595
2.7325
2.7327
2.7426
2.7704
2.7697
2.7631
2.7709
2.7831
2.7909
2.7954
2.8031
2.8212
2.8312
2.8039
2.8035
2.824
2.8262
2.8116
2.8048
2.8027
2.8193
2.8139
2.8302
2.8386
2.8354
2.8351
2.8468
2.8271
2.8239
2.8229
2.8292
2.8458
2.8462
2.8434
2.8497
2.8624
2.8585
2.8633
2.8652
2.8724
2.8737
2.8721
2.8579
2.8574
2.8652
2.8644
2.8036
2.8095
2.8025
2.8115
2.7709
2.7549
2.7507
2.7563
2.7582
2.7631
2.7261
2.7382
2.7243
2.7396
2.744
2.7693
2.7752
2.7925
2.7822
2.7906
2.7771
2.7849
2.7943
2.8029
2.7865
2.7797
2.7715
2.7578
2.7605
2.7437
2.7537
2.7604
2.77
2.7834
2.7795
2.7651
2.7485
2.7523
2.7559
2.7709
2.7706
2.7761
2.7751
2.766
2.754
2.7519
2.7691
2.7779
2.7705
2.781
2.8
2.8152
2.8308
2.8308
2.8489
2.837
2.8622
2.8514
2.8517
2.8529
2.8514
2.8645
2.8626
2.8563
2.8842
2.8972
2.8926
2.887
2.8765
2.8944
2.9028
2.9053
2.9119
2.9189
2.9081
2.9007
2.9188
2.9144
2.9433
2.9497
2.9553
2.9587
2.9873
2.9933
2.9802
2.966
2.9798
2.9868
2.9945
3.0035
2.9879
2.9873
2.9843
2.9705
2.9449
2.9448
2.9644
2.9803
2.9644
2.9616
2.9695
2.9668
2.959
2.9702
2.991
2.9902
2.9924
2.9805
2.9794
2.9749
2.9736
2.9784
2.9961
3.0057
2.9995
3.0269
3.032
3.0259
3.0338
3.0177
2.9764
2.9731
2.9697
2.9792
2.9721
2.9644
2.9499
2.9464
2.9578
2.9687
2.9667
2.9708
2.9789
2.9804
2.9528
2.9155
2.9438
2.9574
2.9322
2.9413
2.9377
2.9439
2.9397
2.9198
2.9458
3.0407
3.0203
3.0136
3.0226
3.0122
2.9818
2.9677
2.9777
2.9705
2.9526
2.9573
2.9638
2.9604
2.9616
2.9737
2.9632
2.972
2.9629
2.9517
2.9383
2.942
2.9435
2.9363
2.9361
2.9359
2.9153
2.9143
2.9081
2.9004
2.9029
2.9078
2.9177
2.922
2.9295
2.9413
2.9404
2.931
2.9331
2.9228
2.9115
2.9068
2.9034
2.8984
2.8903
2.8777
2.8735
2.8794
2.8857
2.8832
2.8816
2.8785
2.8678
2.8715
2.8837
2.895
2.8848
2.8877
2.8978
2.9126
2.9157
2.9249
2.9292
2.9302
2.9249
2.9298
2.9447
2.9461
2.9484
2.9311
2.9281
2.9267
2.9168
2.919
2.915
2.9218
2.9277
2.9356
2.9324
2.93
2.9172
2.9051
2.9087
2.9068
2.9066
2.9041
2.9031
2.9034
2.9085
2.9108
2.9185
2.9178
2.9159
2.9187
2.9265
2.9259
2.9341
2.9357
2.9262
2.9238
2.9252
2.9251
2.9207
2.9211
2.9239
2.9336
2.9324
2.9274
2.9293
2.9312
2.9356
2.9308
2.9283
2.9379
2.9404
2.9448
2.9548
2.9587
2.9672
2.9874
2.9797
2.9795
2.9779
2.9845
2.9892
2.9906
2.9913
2.9963
3.0026
3.0036
2.992
2.9872
2.9899
3.004
3.001
2.9935
2.9761
2.9665
2.9644
2.9761
2.9683
3.0126
2.9622
2.9638
2.9667
2.9862
2.9765
2.9778
2.9788
2.9627
2.9673
2.9736
2.9799
2.9803
2.9795
2.9752
2.9661
2.9644
2.9575
2.9682
2.9766
2.967
2.9646
2.9608
2.9609
2.9503
2.9497
2.9516
2.9405
2.9302
2.9287
2.928
2.9355
2.9411
2.9391
2.9341
2.9303
2.9344
2.9456
2.947
2.948
2.9459
2.9508
2.9555
2.9573
2.953
2.9508
2.9509
2.9545
2.958
2.966
2.9627
2.9615
2.9632
2.9678
2.9645
2.9531
2.9486
2.9461
2.9452
2.9479
2.9482
2.9503
2.9475
2.947
2.94
2.939
2.934
2.9345
2.936
2.9352
2.9407
2.9411
2.9325
2.97
2.9631
2.952
2.94
2.9378
2.9455
2.9527
2.9431
2.9441
2.9474
2.9498
2.9508
2.9542
2.9514
2.9518
2.9443
2.9373
2.9311
2.933
2.9259
2.9186
2.9248
2.9223
2.932
2.9242
2.9199
2.9234
2.9236
2.9238
2.9219
2.9234
2.9205
2.9223
2.9251
2.9205
2.9091
2.9056
2.9149
2.9207
2.9272
2.9172
2.9179
2.919
2.909
2.9121
2.9181
2.9172
2.9208
2.9172
2.9192
2.9234
2.921
2.9122
2.9155
2.9147
2.9131
2.9135
2.9135
2.9123
2.9082
2.9082
2.9069
2.8997
2.8948
2.8858
2.8852
2.8604
2.8691
2.8632
2.8631
2.8651
2.8792
2.8658
2.8657
2.8608
2.8589
2.8604
2.8516
2.8541
2.8674
2.8604
2.8721
2.8866
2.8774
2.8759
2.8794
2.8656
2.8539
2.8531
2.8497
2.8431
2.8582
