Month	Year	er	r	dy	s	dp	rb
12	47	2.875661	-14.623795	0.09	1.28	5.570852	0.45
1	48	-3.84716	-12.807394	0.06	1.23	5.505022	0.461667
2	48	-4.533513	11.110003	0.01	1.2	5.745935	0.418333
3	48	7.858955	4.527391	0.01	1.19	6.098407	0.375
4	48	3.620259	-16.091739	0	1.18	5.779179	0.32
5	48	7.09941	-7.389827	0.01	1.09	5.613556	0.273333
6	48	-0.0825	-7.321852	-0.01	1.2	5.228579	0.205
7	48	-5.253637	-13.837775	0.01	1.2	5.367148	0.160833
8	48	0.302558	-4.057014	0.07	1.14	5.623584	0.18
9	48	-3.073448	1.06	0.02	1.11	5.767914	0.155833
10	48	5.713775	6.127014	0	1.14	6.04189	0.1275
11	48	-9.581746	9.289498	0.02	1.1	5.801355	0.118333
12	48	3.06944	9.366048	0.01	1.07	6.586761	0.104167
1	49	0.202963	2.770064	0.02	1.01	6.509892	0.106667
2	49	-3.007804	14.493844	0.01	0.99	6.513129	0.1025
3	49	3.907135	-2.214939	-0.03	0.99	6.879617	0.058333
4	49	-1.914193	-0.563959	0.01	0.98	6.698734	0.0575
5	49	-2.866122	2.793959	-0.03	1	6.877815	0.015833
6	49	0.252377	-0.583959	-0.07	0.98	7.181675	-0.0625
7	49	5.313238	9.413243	-0.06	1.02	7.249952	-0.125833
8	49	2.53647	-2.404345	0.02	0.93	6.878608	-0.103333
9	49	3.075273	-4.048898	0.03	0.91	6.83623	-0.066667
10	49	3.022668	7.719892	-0.02	0.93	6.578655	-0.080833
11	49	1.82087	-0.690994	0.02	0.9	6.28637	-0.053333
12	49	5.042733	7.748149	0.02	0.84	6.564205	-0.025833
1	50	1.532599	6.108558	0.04	0.89	6.247083	0.020833
2	50	1.352097	4.622355	0.03	0.89	6.172591	0.055833
3	50	1.116604	-4.147597	-0.02	0.94	6.183039	0.039167
4	50	3.846205	-0.612851	0.03	0.94	6.162008	0.071667
5	50	4.111673	-3.95427	0.03	0.93	5.909834	0.1025
6	50	-5.914919	-5.579285	-0.01	0.97	5.867022	0.088333
7	50	1.488247	-10.538969	0.03	0.95	6.224076	0.109167
8	50	4.815678	-8.752447	0.09	0.87	6.149882	0.1825
9	50	4.661547	-7.096823	0.04	0.86	6.290263	0.2
10	50	-0.247698	-5.22773	-0.11	1.01	6.134661	0.066667
11	50	2.762648	-3.68517	0.13	0.91	6.183257	0.180833
12	50	5.452183	-14.766236	-0.06	0.98	6.610599	0.095833
1	51	5.525832	-17.904322	-0.04	0.97	6.351466	0.0375
2	51	1.402904	-12.851829	0	1.04	6.05379	0.025833
3	51	-2.225853	-3.440895	0.23	0.87	6.112867	0.246667
4	51	4.734728	-0.106301	-0.11	1.07	6.310793	0.106667
5	51	-2.393387	-3.296985	0.01	1.22	6.018962	0.098333
6	51	-2.664988	2.880347	0.04	1.13	6.363563	0.121667
7	51	6.736436	-0.160347	0.11	0.91	6.574326	0.210833
8	51	4.284316	1.49	0.05	0.81	6.153343	0.233333
9	51	0.766551	-6.132214	0.06	0.83	5.919704	0.269167
10	51	-2.395018	-4.502648	-0.34	1.25	5.859677	-0.096667
11	51	0.493704	-4.949408	0.13	1.14	6.054287	0.026667
12	51	3.319092	-3.143232	0.31	0.84	5.691173	0.33
1	52	1.547093	1.7	-0.37	1.16	5.439053	-0.0775
2	52	-2.623744	8.894928	0.01	1.3	5.342621	-0.0775
3	52	4.329727	1.34	0.03	1.15	5.635226	-0.058333
4	52	-5.108745	-18.200486	0.21	0.86	5.39332	0.1575
5	52	3.073417	3.074142	0.06	0.75	5.70899	0.196667
6	52	3.725387	0.145858	0.11	0.67	5.582737	0.281667
7	52	1.037537	1.75	0.05	0.67	5.391888	0.300833
8	52	-0.84944	3.294142	-0.09	0.85	5.368288	0.185
9	52	-2.083211	1.71	-0.25	1.24	5.393026	-0.079167
10	52	-0.649759	-0.034142	0.13	0.95	5.55141	0.0625
11	52	5.596229	1.59	0.19	0.74	5.563245	0.225
12	52	2.929414	3.274142	0.16	0.62	5.264613	0.3525
1	53	-0.328406	4.933878	-0.12	0.84	5.129453	0.2125
2	53	-0.3151	7.830257	0.2	0.71	5.104755	0.371667
3	53	-1.511716	-0.988891	-0.03	0.77	5.198075	0.285
4	53	-2.942426	0.488379	0.07	0.94	5.281636	0.303333
5	53	0.499675	-0.937617	-0.12	1.37	5.413158	0.143333
6	53	-1.803166	-2.542432	-0.33	1.4	5.425535	-0.211667
7	53	2.354117	-1.369013	0.33	1.05	5.56149	0.13
8	53	-4.66088	-1.031636	-0.15	1.3	5.431842	-0.031667
9	53	0.156865	0.306937	-0.57	1.43	5.730396	-0.608333
10	53	4.494569	-1.740638	-0.24	1.73	5.750905	-0.828333
11	53	2.705041	5.423701	0.46	1.31	5.488806	-0.3175
12	53	-0.053222	2.924898	-0.19	1.23	5.443607	-0.479167
1	54	4.830168	-1.717961	-0.29	1.53	5.523752	-0.711667
2	54	1.821997	2.443063	-0.07	1.58	5.271849	-0.71
3	54	3.633637	2.374898	0.1	1.43	5.2047	-0.515833
4	54	4.091753	3.829918	-0.32	1.67	5.059383	-0.7525
5	54	3.032193	-2.169918	-0.07	1.91	4.860995	-0.706667
6	54	1.080585	-0.884898	0.02	1.81	4.760961	-0.575
7	54	4.867437	0.62	0.06	1.71	4.755441	-0.4325
8	54	-2.33523	2.164898	0.43	1.35	4.526996	0.1025
9	54	6.14017	3.949918	-0.21	1.56	4.738607	-0.050833
10	54	-1.712026	3.882378	-0.05	1.59	4.452629	-0.074167
11	54	9.091323	-2.132378	0.08	1.56	4.555708	0.016667
12	54	5.303777	3.912378	0.02	1.56	4.327885	0.079167
1	55	0.625445	0.95	0.15	1.55	4.090584	0.254167
2	55	2.997814	1.1	0.04	1.57	4.060963	0.2825
3	55	-0.213771	-0.352116	0.19	1.37	3.994406	0.451667
4	55	3.06529	1.33	0.17	1.26	4.051823	0.593333
5	55	1.059754	1.5	-0.35	1.58	3.929351	0.174167
6	55	6.28199	1.15	0.12	1.59	3.973105	0.248333
7	55	1.879331	-1.708677	0.4	1.32	3.73775	0.594167
8	55	0.296583	4.648677	0.28	1.01	3.666416	0.791667
9	55	-0.387453	-2.380181	0.2	0.74	3.754753	0.921667
10	55	-2.782152	2.15	-0.1	0.76	3.793181	0.7175
11	55	6.742213	0.565102	0.06	0.78	3.901437	0.6775
12	55	1.464047	4.946402	0.31	0.5	3.841952	0.889167
1	56	-3.045832	2.42	-0.14	0.53	3.813874	0.626667
2	56	3.691775	2.28	-0.31	0.87	3.999241	0.218333
3	56	6.427715	-0.866402	0.23	0.87	3.898109	0.379167
4	56	0.318306	0.716937	0.43	0.43	3.661654	0.736667
5	56	-5.308609	-3.28399	-0.26	0.52	3.660091	0.3825
6	56	3.469728	-3.381558	-0.04	0.64	3.980773	0.240833
7	56	4.782231	-6.44469	-0.25	1.11	3.860023	-0.0975
8	56	-3.110859	3.538	0.32	1	3.72441	0.188333
9	56	-5.321751	0.942	0.3	0.64	3.872491	0.450833
10	56	0.487754	-2.982517	-0.14	0.91	4.098779	0.265
11	56	0.523247	1.110645	0.25	0.68	4.143736	0.4725
12	56	2.76122	-0.083469	0.27	0.63	4.000276	0.684167
1	57	-3.432672	3.08	-0.02	0.15	3.917989	0.609167
2	57	-2.116723	0.173491	-0.12	0.42	4.060213	0.424167
3	57	2.096765	0.191158	-0.05	0.48	4.216717	0.293333
4	57	4.159324	0.016998	0.13	0.51	4.157254	0.365833
5	57	3.275298	0.15386	0.19	0.47	4.020253	0.523333
6	57	-0.852105	-3.796183	-0.13	0.82	3.88436	0.323333
7	57	0.699448	-2.598651	-0.02	0.82	3.938764	0.240833
8	57	-5.344864	1.644526	0.01	0.73	3.937336	0.169167
9	57	-6.204086	1.656194	0.16	0.78	4.157749	0.273333
10	57	-4.503148	3.23	0.13	0.55	4.456788	0.359167
11	57	2.120652	-0.743445	-0.72	0.7	4.653306	-0.4275
12	57	-4.093979	2.64	0.09	0.33	4.519025	-0.323333
1	58	4.660373	-4.290176	-1.27	1.71	4.735213	-1.564167
2	58	-1.531255	0.06088	-0.32	1.92	4.488636	-1.750833
3	58	3.199142	-5.704848	-0.15	1.93	4.600917	-1.750833
4	58	2.914828	-1.787487	0.16	1.69	4.471461	-1.4325
5	58	2.337129	1.15	-0.9	2.67	4.352883	-2.176667
6	58	2.884354	-1.136336	0.5	2.27	4.221205	-1.43
7	58	4.342538	-0.634737	-0.05	2.49	4.135219	-1.285833
8	58	1.796164	0.7	1.17	1.89	3.955978	0.080833
9	58	4.656494	1.87	0.08	1.8	3.845656	0.260833
10	58	2.501109	0.566859	-0.13	1.89	3.697896	0.2375
11	58	2.842168	0.438452	0.08	1.74	3.597832	0.445833
12	58	5.029064	3.281548	0.52	1.48	3.463528	1.0275
1	59	0.751675	1.038452	0.05	1.52	3.278592	1.103333
2	59	0.908238	3.851548	-0.09	1.42	3.25547	0.929167
3	59	0.290072	2.38	0.19	1.4	3.216357	1.015833
4	59	3.626718	1.188452	0.17	1.46	3.214739	1.054167
5	59	1.756439	1.485426	0.01	1.43	3.083769	0.931667
6	59	-0.108639	-2.754597	0.02	1.46	3.058416	0.743333
7	59	3.13885	0.027142	-0.37	2.01	3.076347	0.205
8	59	-1.366882	3.770645	1.08	1.01	2.960547	1.143333
9	59	-4.868952	0.740273	0.16	0.83	3.051991	1.169167
10	59	1.210451	-0.333925	-0.47	1.31	3.212009	0.558333
11	59	1.542023	1.806997	0.36	0.99	3.154988	0.805833
12	59	2.566425	6.257556	0.55	0.62	3.195752	1.22
1	60	-7.303308	2.715447	-0.54	1.09	3.13887	0.541667
2	60	0.943203	3.54	0.27	0.59	3.36956	0.7225
3	60	-1.536398	-2.989585	-1.13	1.39	3.378381	-0.526667
4	60	-1.780291	2.68	0.29	1.37	3.442799	-0.245833
5	60	3.026418	0.383925	-0.37	1.55	3.503716	-0.635
6	60	2.070087	2.6	-0.95	2.55	3.438834	-1.5725
7	60	-2.235965	1.65	0.18	1.99	3.373966	-1.299167
8	60	2.808137	0.47761	0.14	1.9	3.446374	-1.111667
9	60	-6.150527	-3.42437	0.37	1.47	3.424223	-0.615833
10	60	-0.65355	0.995188	-0.73	2.29	3.609526	-1.2375
11	60	4.546749	1.61	0.18	2.21	3.647724	-0.9275
12	60	4.546539	1.79	0.24	1.72	3.509923	-0.5425
1	61	6.078066	0.686693	0.01	1.81	3.300889	-0.361667
2	61	3.471968	3.383307	0.44	1.25	3.132157	0.203333
3	61	2.842568	1.136693	-0.29	1.63	3.019639	0.024167
4	61	0.400994	2.19	-0.26	1.83	2.928482	-0.195
5	61	2.396584	0.588196	0.31	1.59	2.909537	0.201667
6	61	-3.075391	-2.990887	-0.16	1.82	2.869751	0.071667
7	61	2.851261	3.415965	-0.34	2.26	2.943642	-0.304167
8	61	2.532532	-0.930444	0.31	1.96	2.843782	0.013333
9	61	-2.064042	2.05	-0.06	1.88	2.861114	-0.053333
10	61	2.509459	1.99	-0.03	1.94	2.921575	-0.054167
11	61	4.341173	1.96	0.32	1.76	2.870523	0.236667
12	61	-0.123322	2.28	0.2	1.61	2.85094	0.395833
1	62	-3.908964	-0.184515	0	1.67	2.807023	0.358333
2	62	1.679532	-0.178611	0	1.63	2.959048	0.321667
3	62	-0.772263	-0.052283	0.15	1.28	2.966713	0.471667
4	62	-6.697982	2.63	0.06	1.24	2.924286	0.495
5	62	-9.05528	2.69	-0.24	1.49	3.130639	0.191667
6	62	-8.839072	-0.197148	0.48	1.06	3.527637	0.654167
7	62	6.154483	2.93	-0.24	1.38	3.784906	0.343333
8	62	2.037074	-3.902435	-0.03	1.32	3.603902	0.234167
9	62	-5.357628	3.975593	0.03	1.28	3.520218	0.213333
10	62	0.192863	2.69	-0.16	1.44	3.655108	-0.005
11	62	10.388908	3.847037	0.14	1.29	3.672104	0.0875
12	62	1.075835	1.352963	0.27	0.98	3.355093	0.325
1	63	4.757084	1.624407	-0.01	0.99	3.34057	0.276667
2	63	-2.522934	1.735257	-0.09	1.15	3.162397	0.149167
3	63	3.126925	2.84	-0.64	1.82	3.280189	-0.520833
4	63	4.494529	2.2	0.65	1.15	3.183471	0.165
5	63	1.779521	-2.392785	0.1	1.05	3.051992	0.251667
6	63	-2.063045	-0.967111	0.03	1.04	3.063056	0.24
7	63	-0.433505	2.98	0.07	0.96	3.113927	0.305833
8	63	5.012953	1.747133	0.21	0.78	3.144506	0.485833
9	63	-1.543419	2.076801	0.18	0.66	2.992188	0.615833
10	63	2.608127	3.44	-0.08	0.83	3.041127	0.473333
11	63	-0.789094	0.761062	-0.09	0.86	2.962914	0.314167
12	63	1.975443	3.27	0.24	0.67	3.054099	0.504167
1	64	2.264138	3.51	-0.09	0.79	3.007336	0.366667
2	64	1.465784	4.718765	0.11	0.71	2.922117	0.435833
3	64	1.457403	2.231235	-0.02	0.75	2.932391	0.358333
4	64	0.138072	0.916679	-0.19	0.89	2.910699	0.059167
5	64	1.399212	3.32	-0.03	0.91	2.910029	-0.01
6	64	1.336788	0.702271	0.17	0.7	2.889757	0.131667
7	64	1.667122	2.168225	-0.14	0.89	2.884378	-0.048333
8	64	-1.423417	4.611775	0.08	0.83	2.818961	0.009167
9	64	2.723602	0.817839	0.13	0.66	2.909126	0.1275
10	64	0.653628	2.358125	-0.08	0.72	2.865146	0.04
11	64	-0.040805	0.875896	0.18	0.56	2.830289	0.2125
12	64	0.080565	2.345016	-0.07	0.66	2.879946	0.1125
1	65	3.418267	4.844984	0.29	0.34	2.892731	0.398333
2	65	0.386459	3.85	0.02	0.36	2.793466	0.3825
3	65	-1.39776	2.585016	-0.05	0.38	2.817772	0.304167
4	65	3.032107	-0.026718	0.07	0.31	2.878221	0.348333
5	65	-0.759312	1.332355	-0.03	0.37	2.792108	0.270833
6	65	-5.488056	-2.39484	-0.07	0.41	2.860807	0.153333
7	65	1.380301	2.519853	0.02	0.41	3.044222	0.145833
8	65	2.647409	6.35164	0	0.47	2.989391	0.105
9	65	2.854264	1.26836	0.14	0.46	2.966852	0.210833
10	65	2.508197	3.95	-0.03	0.54	2.884852	0.145833
11	65	-0.162302	1.383732	0.01	0.61	2.807424	0.116667
12	65	0.897467	0.250426	0.51	0.26	2.896021	0.601667
1	66	0.629983	4.44	0.08	0.27	2.865169	0.608333
2	66	-1.40635	-3.033673	-0.02	0.7	2.84051	0.5325
3	66	-2.529034	2.106496	-0.1	0.42	2.924834	0.38
4	66	1.976662	-0.599534	0.23	0.32	3.014755	0.561667
5	66	-5.630492	4.63	-0.14	0.45	2.955991	0.36
6	66	-1.492294	1.998023	0	0.62	3.175585	0.3075
7	66	-1.586182	2.003187	0.09	0.68	3.216855	0.339167
8	66	-8.133182	-2.737439	0.21	0.78	3.270315	0.485
9	66	-1.06679	3.556067	0.41	-0.13	3.620261	0.813333
10	66	4.049471	0.38858	-0.35	0.23	3.64829	0.359167
11	66	1.244272	4.85	-0.23	0.65	3.482021	0.051667
12	66	0.057818	4.62	0.08	0.02	3.4516	0.074167
1	67	7.609435	4.7	-0.16	0.08	3.44519	-0.1075
2	67	0.609076	3.312264	-0.17	0.5	3.227833	-0.279167
3	67	3.846526	1.91829	-0.36	0.59	3.211503	-0.628333
4	67	3.775805	1.563289	-0.47	1.4	3.078808	-1.065833
5	67	-4.526582	-0.00997	-0.19	1.61	2.954823	-1.165
6	67	2.049801	-0.299941	0.4	1.69	3.116759	-0.67
7	67	4.403431	-1.099382	0.04	1.56	3.042605	-0.568333
8	67	-0.918848	1.482413	0.14	1.49	2.906715	-0.3625
9	67	2.946805	0.312733	0.32	1.27	2.964591	0.029167
10	67	-3.194011	0.643604	-0.06	1.52	2.876775	0.048333
11	67	0.417685	1.900651	0.08	1.55	3.002216	0.183333
12	67	2.695438	0.681253	0.16	1.34	2.962017	0.3725
1	68	-4.336952	-0.338362	0.31	0.99	2.879242	0.705
2	68	-3.574928	1.283963	0.05	0.9	3.038841	0.738333
3	68	0.279128	0.054143	0.15	1.03	3.180166	0.853333
4	68	8.179953	1.400333	0.4	0.59	3.129077	1.175833
5	68	1.862276	0.743317	0.23	0.41	2.927548	1.255833
6	68	0.709617	2.054216	-0.28	0.46	2.871971	0.790833
7	68	-2.629204	1.890564	-0.19	0.43	2.852114	0.4725
8	68	1.212618	1.604389	-0.05	0.51	2.956576	0.313333
9	68	3.66687	1.564542	0.15	0.45	2.920378	0.37
10	68	0.608422	-0.481729	0.14	0.45	2.799582	0.430833
11	68	5.135644	1.881029	-0.27	0.88	2.824886	0.065
12	68	-4.187806	2.769546	1.07	0.28	2.644342	1.068333
1	69	-1.235883	2.801738	-0.19	0.39	2.77684	0.735833
2	69	-5.652219	1.375001	-0.06	0.48	2.762344	0.575
3	69	2.578769	-0.836765	-0.25	0.78	2.961637	0.233333
4	69	1.634989	-0.022573	0.47	0.23	2.89607	0.645
5	69	-0.20503	2.827666	-0.14	0.6	2.832314	0.440833
6	69	-6.93642	-1.891516	0.29	0.33	2.893374	0.6975
7	69	-7.027479	3.007965	0.29	-0.07	3.11201	0.906667
8	69	4.354133	2.092794	0.5	-0.51	3.328441	1.285833
9	69	-2.843354	2.710031	-0.02	0.17	3.184266	1.099167
10	69	4.766253	2.60529	-0.34	0.03	3.29215	0.606667
11	69	-3.757973	1.281879	0.2	0.13	3.13558	0.694167
12	69	-2.357066	-0.680375	0.39	0.04	3.248383	0.9325
1	70	-8.54844	5.09746	0.34	-0.18	3.314123	1.1775
2	70	5.160754	2.180953	-0.94	0.13	3.60421	0.098333
3	70	-0.826029	3.526771	-0.25	0.41	3.396007	-0.2175
4	70	-11.04711	-1.123673	0.09	1.19	3.441785	-0.193333
5	70	-6.903256	2.322314	0.04	1.14	3.794477	-0.1875
6	70	-5.73633	3.348449	-0.44	1.38	3.99042	-0.676667
7	70	6.688758	0.883205	-0.2	1.68	4.226739	-0.865
8	70	4.356441	3.793026	0.32	1.33	3.977153	-0.4925
9	70	3.660104	1.997328	-0.68	1.74	3.757732	-1.105
10	70	-2.050868	-0.680264	-0.11	1.75	3.618124	-1.0925
11	70	4.671593	1.339589	-0.7	1.74	3.699238	-1.689167
12	70	5.594885	-0.487064	-0.18	1.77	3.487268	-1.690833
1	71	4.463034	2.481557	-0.46	2.06	3.282019	-1.925
2	71	1.121136	-1.000821	-0.86	2.87	3.124162	-2.4925
3	71	4.036552	-1.933186	0.21	2.26	3.083094	-1.996667
4	71	3.050212	-2.636859	0.35	2.34	2.963356	-1.399167
5	71	-4.047508	-1.231632	0.39	2.33	2.876225	-0.783333
6	71	0.078381	-1.933367	0.75	1.88	2.995829	0.163333
7	71	-4.562848	1.987493	0.26	1.74	2.982148	0.520833
8	71	3.70277	4.193325	-0.75	1.84	3.065018	-0.17
9	71	-0.938269	3.444186	0.01	1.5	3.003993	-0.011667
10	71	-4.413874	2.440947	-0.41	1.9	3.016312	-0.330833
11	71	-0.320235	3.046759	0	1.79	3.119189	-0.215
12	71	8.32869	0.107336	-0.73	2.64	3.131984	-0.8875
1	72	2.08507	2.320941	-0.31	3.38	2.878089	-1.094167
2	72	2.751484	-2.925361	0.23	3.01	2.824394	-0.773333
3	72	0.649122	0.242822	0.17	2.8	2.749748	-0.603333
4	72	0.342726	0.420339	-0.14	2.93	2.715439	-0.74
5	72	1.437154	0.378382	0.22	2.64	2.681091	-0.475833
6	72	-2.499051	0.515036	0.18	2.56	2.680654	-0.2375
7	72	-0.493441	0.702443	-0.12	2.84	2.743217	-0.251667
8	72	3.423759	0.679711	0.79	2.16	2.761879	0.675833
9	72	-1.02056	-0.584402	0.13	2.14	2.653507	0.815
10	72	0.659415	1.529069	0.06	1.91	2.685346	0.874167
11	72	4.453339	0.705704	0.25	1.55	2.642616	1.084167
12	72	0.700762	1.855687	0.14	1.48	2.601079	1.163333
1	73	-2.985906	-0.828806	0.51	1.01	2.571629	1.54
2	73	-4.55293	-3.190596	0.15	0.96	2.661567	1.488333
3	73	-0.999857	-5.850718	0.49	0.5	2.792215	1.783333
4	73	-5.250215	-3.356938	-0.07	0.56	2.801123	1.491667
5	73	-2.394144	-0.526245	0.52	0.25	2.987029	1.784167
6	73	-1.401027	-0.908835	0.92	-0.66	3.041745	2.451667
7	73	4.458744	3.790293	0.84	-0.95	3.074773	2.9775
8	73	-3.765727	-11.014269	0.35	-1.6	2.957847	2.933333
9	73	4.415924	6.801688	-1.51	-0.37	3.106546	1.065833
10	73	-0.732462	-0.112227	0.02	-0.26	2.928876	0.865
11	73	-12.930746	-0.955903	0.34	-0.7	2.98091	0.9875
12	73	0.886958	-0.561516	-0.2	-0.5	3.442459	0.5625
1	74	-0.669519	-2.495987	0.23	-0.52	3.424301	0.595833
2	74	-0.309969	-8.29412	0.06	-0.49	3.440312	0.4825
3	74	-3.077741	-4.542121	0.93	-1.02	3.488627	1.246667
4	74	-5.136231	1.626389	0.22	-0.84	3.608625	1.264167
5	74	-4.29229	-3.280698	-1.07	0.17	3.814246	-0.0325
6	74	-2.552436	-2.451545	-0.01	0.19	3.99801	-0.136667
7	74	-8.187794	0.083381	-0.1	0.46	4.117884	-0.253333
8	74	-9.550437	-5.844278	1.65	-0.93	4.453069	1.458333
9	74	-12.450615	-3.14275	-3.14	1.83	4.984547	-1.728333
10	74	15.025401	-2.946234	1.06	0.63	5.680917	-0.579167
11	74	-4.692305	-2.561075	0.33	0.25	4.88249	-0.246667
12	74	-3.001856	0.203244	-0.68	0.66	5.104606	-0.923333
1	75	12.08174	1.914077	-1.1	1.91	5.292105	-1.98
2	75	5.388725	-0.701113	-0.69	2.51	4.63711	-2.515833
3	75	2.442482	0.241953	0.29	2.66	4.477013	-2.009167
4	75	4.137775	0.550587	-0.12	2.98	4.402845	-1.859167
5	75	4.924247	-0.416778	-0.21	3.03	4.218425	-1.770833
6	75	4.609534	-4.400246	0.73	2.2	4.022092	-0.814167
7	75	-7.043114	-6.71886	0.33	2.03	3.871695	-0.319167
8	75	-2.575388	1.334034	-0.02	2.11	4.177484	-0.21
9	75	-4.171371	0.629448	0.33	2.06	4.235639	0.388333
10	75	5.382628	-0.554366	-0.95	2.57	4.444893	-0.5825
11	75	2.636511	-0.701147	-0.23	3.09	4.216897	-0.665833
12	75	-1.45001	-0.139857	-0.07	2.74	4.064022	-0.5425
1	76	11.37859	2.019575	-0.54	3.37	4.123841	-0.94
2	76	-0.281512	0.799067	0.15	3.13	3.683446	-0.694167
3	76	2.537874	0.891984	0.11	2.91	3.697428	-0.558333
4	76	-1.510091	-0.421035	-0.08	2.99	3.622651	-0.5975
5	76	-1.299878	-1.973494	0.54	2.65	3.621371	-0.02
6	76	4.203398	-2.139223	0.06	2.51	3.811428	0.015
7	76	-1.17928	-0.557447	-0.2	2.75	3.639821	-0.154167
8	76	-0.371115	0.006443	-0.12	2.68	3.63244	-0.199167
9	76	2.125358	-0.092028	0.09	2.49	3.789963	-0.025833
10	76	-2.573979	-0.046995	-0.33	2.72	3.706645	-0.2525
11	76	0.117286	1.16443	-0.33	2.68	3.775135	-0.530833
12	76	5.274598	-0.604302	-0.15	2.57	4.007531	-0.620833
1	77	-4.405642	-2.175036	0.31	2.81	3.793169	-0.244167
2	77	-2.073478	-7.484509	-0.05	2.92	3.990366	-0.298333
3	77	-1.463249	-1.816904	-0.01	2.91	4.193748	-0.295833
4	77	0.014205	-4.613076	-0.07	3.01	4.265699	-0.343333
5	77	-1.616335	-1.815999	0.46	2.49	4.266464	0.138333
6	77	4.585189	-2.716252	0.06	2.31	4.486931	0.226667
7	77	-1.975979	0.854625	0.29	2.13	4.305564	0.545
8	77	-1.865853	0.467613	0.13	1.87	4.372217	0.6625
9	77	-0.406442	2.619936	0.36	1.59	4.562811	0.989167
10	77	-4.502529	1.674214	0.37	1.44	4.613706	1.303333
11	77	3.638611	0.689571	-0.44	1.84	4.823538	0.749167
12	77	0.079275	1.636174	0.15	1.86	4.776242	0.794167
1	78	-6.395372	-0.236249	0.25	1.74	4.795806	0.914167
2	78	-1.730097	-1.304428	0.16	1.69	5.122536	0.949167
3	78	2.611028	-2.438264	0.33	1.46	5.307026	1.136667
4	78	7.468834	-3.313608	-0.53	2.07	5.192583	0.435833
5	78	1.37467	-4.42104	0.41	1.83	4.818007	0.713333
6	78	-1.868902	-4.572801	0.17	1.84	4.831166	0.755
7	78	4.978351	0.816885	-0.06	1.84	4.959164	0.5575
8	78	3.137106	1.430463	1.33	0.32	4.753825	1.779167
9	78	-1.322277	0.854219	0.12	0.43	4.649342	1.690833
10	78	-11.447016	0.376863	0.65	0.01	4.716693	2.1525
11	78	2.391817	2.343788	0.34	-0.37	5.361907	2.280833
12	78	0.889041	2.716755	-0.36	0.23	5.225367	1.644167
1	79	3.893591	-1.316703	0.88	-0.79	5.202677	2.29
2	79	-3.731983	-1.596468	0.12	-0.66	5.039124	2.123333
3	79	5.20357	-0.759675	-0.04	-0.69	5.282403	1.8
4	79	-0.12117	-1.929554	-0.01	-0.46	5.021477	1.5375
5	79	-2.297008	-4.186671	0.2	-0.91	5.068448	1.441667
6	79	3.55587	-2.09697	-0.8	-0.35	5.259262	0.363333
7	79	0.771952	-1.007686	0.16	-0.32	5.062027	0.325833
8	79	5.347561	-0.178563	0.97	-1.12	5.053749	1.08
9	79	-0.879107	-0.30083	0.11	-1.06	4.879071	1.004167
10	79	-8.028123	1.052813	1.51	-1.42	4.890405	2.329167
11	79	4.904659	5.448359	-0.5	-1.12	5.319018	1.5725
12	79	1.318563	1.609772	-0.96	-0.25	5.121715	0.425833
1	80	5.15325	-3.735737	1.6	-0.97	5.059467	1.889167
2	80	-1.33386	-3.086951	2.05	-1.64	4.794444	3.7425
3	80	-12.542513	-0.852819	1.15	-3.05	4.943147	4.535
4	80	3.524944	6.362231	-4.68	0.32	5.614938	-0.601667
5	80	4.812646	0.220029	-2.54	2.36	5.40949	-3.209167
6	80	2.636589	-0.72234	-1.19	3.36	5.149595	-4.238333
7	80	6.06824	-0.736317	1.18	2.86	5.059632	-2.865
8	80	1.326929	-2.159857	1.36	2	4.790277	-1.396667
9	80	2.098784	-2.76707	2	0.35	4.73171	0.679167
10	80	1.012806	3.934589	0.46	0.33	4.697822	1.0575
11	80	9.256642	4.485373	2.73	-2.33	4.659449	3.793333
12	80	-4.625708	6.696764	-1.49	-0.96	4.358929	2.04
1	81	-5.525063	2.285817	1.82	-2.53	4.564581	3.640833
2	81	0.590326	-0.340936	-0.52	-1.29	4.770853	2.883333
3	81	3.020456	4.263376	-1.17	-0.34	4.771425	1.69
4	81	-2.744514	6.150078	1.08	-0.61	4.638629	2.94
5	81	-0.365724	6.775756	2.1	-3.32	4.725343	4.73
6	81	-2.141551	9.366258	-1.8	-1.12	4.766767	2.233333
7	81	-1.125662	5.21251	0.57	-1.09	4.872349	2.1575
8	81	-7.009444	6.335764	0.66	-1.03	4.844239	2.2225
9	81	-7.034788	6.141674	-1.96	1.38	5.29796	-0.274167
10	81	4.432606	8.459574	-0.71	1.24	5.641073	-1.190833
11	81	3.41679	8.247717	-2.73	2.71	5.378381	-4.03
12	81	-3.675175	6.010084	-0.53	3.96	5.084094	-4.214167
1	82	-3.041294	3.17867	2.43	1.66	5.259291	-1.518333
2	82	-6.062185	8.374888	-0.16	1.6	5.363994	-1.463333
3	82	-1.831999	10.144517	1.98	-0.32	5.773482	0.701667
4	82	2.940304	12.084733	-1.64	0.99	5.890137	-1.015833
5	82	-3.979744	4.001958	-0.7	1.68	5.626719	-1.566667
6	82	-2.976972	-0.28941	0.12	2.1	6.002035	-1.064167
7	82	-3.110197	3.560521	-2.59	4.13	6.113082	-3.431667
8	82	11.017404	6.906232	-1.64	4.93	6.271605	-4.585833
9	82	0.631232	1.629665	-0.57	4.8	5.692716	-4.478333
10	82	10.34172	1.581744	0.78	3.15	5.639598	-3.136667
11	82	3.960925	5.911842	0.15	3.1	5.030646	-2.549167
12	82	0.94656	6.966942	0.2	2.52	4.953166	-2.151667
1	83	2.955968	5.405837	0	2.97	4.859813	-2.015
2	83	2.083472	7.660653	-0.16	2.45	4.762041	-1.835833
3	83	2.629751	7.091725	0.65	2.08	4.643857	-0.846667
4	83	6.252891	0.001635	-0.46	2.22	4.5153	-0.856667
5	83	-0.305085	1.620065	0.46	2.3	4.221646	-0.045
6	83	3.045239	4.527738	0.01	2.43	4.163922	0.22
7	83	-3.807728	3.749103	0.38	2.83	4.110754	0.864167
8	83	0.485356	4.947328	0.06	2.78	4.235309	0.940833
9	83	0.983146	3.030914	-0.24	2.61	4.160469	0.575833
10	83	-2.571775	5.593294	-0.28	3.15	4.206262	0.143333
11	83	1.823303	6.508821	0.09	2.89	4.273116	0.169167
12	83	-1.540599	6.997408	0.05	3.03	4.154733	0.16
1	84	-1.611234	1.927173	0.31	2.59	4.318061	0.423333
2	84	-4.501792	3.448	-0.08	2.99	4.386593	0.270833
3	84	0.916203	6.123397	0.64	2.81	4.526551	0.831667
4	84	-0.267642	3.656781	-0.01	3.11	4.530374	0.743333
5	84	-6.055201	5.997677	0.07	4.06	4.563696	0.6975
6	84	1.502108	5.691525	-0.17	4.12	4.833094	0.444167
7	84	-2.360891	5.533956	0.64	2.62	4.804908	1.015833
8	84	9.731433	5.035595	0.71	1.73	4.948323	1.635833
9	84	-0.691308	5.002937	-0.3	1.71	4.476181	1.191667
10	84	-0.540942	7.391412	-1.87	2.98	4.46929	-0.8175
11	84	-1.654676	8.57	-0.57	3.43	4.598001	-1.394167
12	84	1.820739	7.239061	-0.77	4.23	4.571233	-2.115833
1	85	7.046741	4.950075	0.5	3.39	4.520266	-1.499167
2	85	1.003485	2.804973	-0.06	4.19	4.225474	-1.458333
3	85	-0.675973	2.388633	0.37	3.55	4.192133	-0.989167
4	85	-0.947886	3.1566	-0.52	3.88	4.23546	-1.3875
5	85	5.086102	3.029817	-0.52	3.33	4.285219	-1.743333
6	85	1.120567	3.270973	-0.28	3.57	4.089653	-1.81
7	85	-0.910514	4.859823	0.34	3.59	4.022845	-1.2475
8	85	-1.051605	4.460587	0.18	3.09	4.096207	-0.82
9	85	-4.339881	3.536293	-0.13	3.35	4.156205	-0.658333
10	85	3.773393	3.417689	0.05	2.92	4.34343	-0.330833
11	85	6.060915	3.111537	-0.57	3	4.148284	-0.783333
12	85	3.904374	3.654219	-0.35	2.78	3.960993	-1.015833
1	86	0.214992	2.580345	0.57	2.47	3.808701	-0.363333
2	86	6.547568	10.103187	0.08	1.23	3.799079	-0.206667
3	86	4.835724	12.398808	-0.31	0.85	3.604058	-0.451667
4	86	-1.877629	9.159457	-0.6	1.5	3.415328	-0.93
5	86	4.522012	2.296756	0.25	1.98	3.514416	-0.551667
6	86	0.980827	0.360224	-0.22	1.48	3.534727	-0.7075
7	86	-6.137976	5.644091	-0.51	2.14	3.530214	-1.158333
8	86	6.601585	3.306883	-0.64	2.49	3.774699	-1.668333
9	86	-8.701648	-0.968791	0.34	2.66	3.523255	-1.13
10	86	4.829327	4.110247	-0.17	2.61	3.862789	-1.140833
11	86	1.430815	3.941235	0.21	2.04	3.741285	-0.753333
12	86	-3.15272	4.152222	-0.24	2.33	3.797896	-0.880833
1	87	11.665619	-2.226761	0.51	1.84	3.942365	-0.2675
2	87	3.563527	1.073779	-0.02	1.78	3.493937	-0.179167
